bond_index,seq_i,seq_j,atom_i,atom_j,carga_i,carga_j
0,5,6,CB,CB,-1.0,1.0
1,5,8,CB,CB,-1.0,1.0
2,5,9,CB,CB,-1.0,1.0
3,5,10,CB,CB,-1.0,1.0
4,5,11,CB,CB,-1.0,1.0
5,5,15,CB,CB,-1.0,1.0
6,5,20,CB,CB,-1.0,-1.0
7,5,24,CB,CB,-1.0,1.0
8,5,28,CB,CB,-1.0,1.0
9,5,36,CB,CB,-1.0,-1.0
10,5,41,CB,CB,-1.0,1.0
11,5,42,CB,CB,-1.0,1.0
12,5,44,CB,CB,-1.0,1.0
13,5,48,CB,CB,-1.0,-1.0
14,5,55,CB,CB,-1.0,0.0
15,5,56,CB,CB,-1.0,-1.0
16,5,62,CB,CB,-1.0,0.0
17,5,65,CB,CB,-1.0,1.0
18,5,66,CB,CB,-1.0,1.0
19,5,68,CB,CB,-1.0,1.0
20,5,71,CB,CA,-1.0,0.0
21,5,72,CB,CA,-1.0,-1.0
22,6,8,CB,CB,1.0,1.0
23,6,9,CB,CB,1.0,1.0
24,6,10,CB,CB,1.0,1.0
25,6,11,CB,CB,1.0,1.0
26,6,15,CB,CB,1.0,1.0
27,6,20,CB,CB,1.0,-1.0
28,6,24,CB,CB,1.0,1.0
29,6,28,CB,CB,1.0,1.0
30,6,36,CB,CB,1.0,-1.0
31,6,41,CB,CB,1.0,1.0
32,6,42,CB,CB,1.0,1.0
33,6,44,CB,CB,1.0,1.0
34,6,48,CB,CB,1.0,-1.0
35,6,55,CB,CB,1.0,0.0
36,6,56,CB,CB,1.0,-1.0
37,6,62,CB,CB,1.0,0.0
38,6,65,CB,CB,1.0,1.0
39,6,66,CB,CB,1.0,1.0
40,6,68,CB,CB,1.0,1.0
41,6,71,CB,CA,1.0,0.0
42,6,72,CB,CA,1.0,-1.0
43,8,9,CB,CB,1.0,1.0
44,8,10,CB,CB,1.0,1.0
45,8,11,CB,CB,1.0,1.0
46,8,15,CB,CB,1.0,1.0
47,8,20,CB,CB,1.0,-1.0
48,8,24,CB,CB,1.0,1.0
49,8,28,CB,CB,1.0,1.0
50,8,36,CB,CB,1.0,-1.0
51,8,41,CB,CB,1.0,1.0
52,8,42,CB,CB,1.0,1.0
53,8,44,CB,CB,1.0,1.0
54,8,48,CB,CB,1.0,-1.0
55,8,55,CB,CB,1.0,0.0
56,8,56,CB,CB,1.0,-1.0
57,8,62,CB,CB,1.0,0.0
58,8,65,CB,CB,1.0,1.0
59,8,66,CB,CB,1.0,1.0
60,8,68,CB,CB,1.0,1.0
61,8,71,CB,CA,1.0,0.0
62,8,72,CB,CA,1.0,-1.0
63,9,10,CB,CB,1.0,1.0
64,9,11,CB,CB,1.0,1.0
65,9,15,CB,CB,1.0,1.0
66,9,20,CB,CB,1.0,-1.0
67,9,24,CB,CB,1.0,1.0
68,9,28,CB,CB,1.0,1.0
69,9,36,CB,CB,1.0,-1.0
70,9,41,CB,CB,1.0,1.0
71,9,42,CB,CB,1.0,1.0
72,9,44,CB,CB,1.0,1.0
73,9,48,CB,CB,1.0,-1.0
74,9,55,CB,CB,1.0,0.0
75,9,56,CB,CB,1.0,-1.0
76,9,62,CB,CB,1.0,0.0
77,9,65,CB,CB,1.0,1.0
78,9,66,CB,CB,1.0,1.0
79,9,68,CB,CB,1.0,1.0
80,9,71,CB,CA,1.0,0.0
81,9,72,CB,CA,1.0,-1.0
82,10,11,CB,CB,1.0,1.0
83,10,15,CB,CB,1.0,1.0
84,10,20,CB,CB,1.0,-1.0
85,10,24,CB,CB,1.0,1.0
86,10,28,CB,CB,1.0,1.0
87,10,36,CB,CB,1.0,-1.0
88,10,41,CB,CB,1.0,1.0
89,10,42,CB,CB,1.0,1.0
90,10,44,CB,CB,1.0,1.0
91,10,48,CB,CB,1.0,-1.0
92,10,55,CB,CB,1.0,0.0
93,10,56,CB,CB,1.0,-1.0
94,10,62,CB,CB,1.0,0.0
95,10,65,CB,CB,1.0,1.0
96,10,66,CB,CB,1.0,1.0
97,10,68,CB,CB,1.0,1.0
98,10,71,CB,CA,1.0,0.0
99,10,72,CB,CA,1.0,-1.0
100,11,15,CB,CB,1.0,1.0
101,11,20,CB,CB,1.0,-1.0
102,11,24,CB,CB,1.0,1.0
103,11,28,CB,CB,1.0,1.0
104,11,36,CB,CB,1.0,-1.0
105,11,41,CB,CB,1.0,1.0
106,11,42,CB,CB,1.0,1.0
107,11,44,CB,CB,1.0,1.0
108,11,48,CB,CB,1.0,-1.0
109,11,55,CB,CB,1.0,0.0
110,11,56,CB,CB,1.0,-1.0
111,11,62,CB,CB,1.0,0.0
112,11,65,CB,CB,1.0,1.0
113,11,66,CB,CB,1.0,1.0
114,11,68,CB,CB,1.0,1.0
115,11,71,CB,CA,1.0,0.0
116,11,72,CB,CA,1.0,-1.0
117,15,20,CB,CB,1.0,-1.0
118,15,24,CB,CB,1.0,1.0
119,15,28,CB,CB,1.0,1.0
120,15,36,CB,CB,1.0,-1.0
121,15,41,CB,CB,1.0,1.0
122,15,42,CB,CB,1.0,1.0
123,15,44,CB,CB,1.0,1.0
124,15,48,CB,CB,1.0,-1.0
125,15,55,CB,CB,1.0,0.0
126,15,56,CB,CB,1.0,-1.0
127,15,62,CB,CB,1.0,0.0
128,15,65,CB,CB,1.0,1.0
129,15,66,CB,CB,1.0,1.0
130,15,68,CB,CB,1.0,1.0
131,15,71,CB,CA,1.0,0.0
132,15,72,CB,CA,1.0,-1.0
133,20,24,CB,CB,-1.0,1.0
134,20,28,CB,CB,-1.0,1.0
135,20,36,CB,CB,-1.0,-1.0
136,20,41,CB,CB,-1.0,1.0
137,20,42,CB,CB,-1.0,1.0
138,20,44,CB,CB,-1.0,1.0
139,20,48,CB,CB,-1.0,-1.0
140,20,55,CB,CB,-1.0,0.0
141,20,56,CB,CB,-1.0,-1.0
142,20,62,CB,CB,-1.0,0.0
143,20,65,CB,CB,-1.0,1.0
144,20,66,CB,CB,-1.0,1.0
145,20,68,CB,CB,-1.0,1.0
146,20,71,CB,CA,-1.0,0.0
147,20,72,CB,CA,-1.0,-1.0
148,24,28,CB,CB,1.0,1.0
149,24,36,CB,CB,1.0,-1.0
150,24,41,CB,CB,1.0,1.0
151,24,42,CB,CB,1.0,1.0
152,24,44,CB,CB,1.0,1.0
153,24,48,CB,CB,1.0,-1.0
154,24,55,CB,CB,1.0,0.0
155,24,56,CB,CB,1.0,-1.0
156,24,62,CB,CB,1.0,0.0
157,24,65,CB,CB,1.0,1.0
158,24,66,CB,CB,1.0,1.0
159,24,68,CB,CB,1.0,1.0
160,24,71,CB,CA,1.0,0.0
161,24,72,CB,CA,1.0,-1.0
162,28,36,CB,CB,1.0,-1.0
163,28,41,CB,CB,1.0,1.0
164,28,42,CB,CB,1.0,1.0
165,28,44,CB,CB,1.0,1.0
166,28,48,CB,CB,1.0,-1.0
167,28,55,CB,CB,1.0,0.0
168,28,56,CB,CB,1.0,-1.0
169,28,62,CB,CB,1.0,0.0
170,28,65,CB,CB,1.0,1.0
171,28,66,CB,CB,1.0,1.0
172,28,68,CB,CB,1.0,1.0
173,28,71,CB,CA,1.0,0.0
174,28,72,CB,CA,1.0,-1.0
175,36,41,CB,CB,-1.0,1.0
176,36,42,CB,CB,-1.0,1.0
177,36,44,CB,CB,-1.0,1.0
178,36,48,CB,CB,-1.0,-1.0
179,36,55,CB,CB,-1.0,0.0
180,36,56,CB,CB,-1.0,-1.0
181,36,62,CB,CB,-1.0,0.0
182,36,65,CB,CB,-1.0,1.0
183,36,66,CB,CB,-1.0,1.0
184,36,68,CB,CB,-1.0,1.0
185,36,71,CB,CA,-1.0,0.0
186,36,72,CB,CA,-1.0,-1.0
187,41,42,CB,CB,1.0,1.0
188,41,44,CB,CB,1.0,1.0
189,41,48,CB,CB,1.0,-1.0
190,41,55,CB,CB,1.0,0.0
191,41,56,CB,CB,1.0,-1.0
192,41,62,CB,CB,1.0,0.0
193,41,65,CB,CB,1.0,1.0
194,41,66,CB,CB,1.0,1.0
195,41,68,CB,CB,1.0,1.0
196,41,71,CB,CA,1.0,0.0
197,41,72,CB,CA,1.0,-1.0
198,42,44,CB,CB,1.0,1.0
199,42,48,CB,CB,1.0,-1.0
200,42,55,CB,CB,1.0,0.0
201,42,56,CB,CB,1.0,-1.0
202,42,62,CB,CB,1.0,0.0
203,42,65,CB,CB,1.0,1.0
204,42,66,CB,CB,1.0,1.0
205,42,68,CB,CB,1.0,1.0
206,42,71,CB,CA,1.0,0.0
207,42,72,CB,CA,1.0,-1.0
208,44,48,CB,CB,1.0,-1.0
209,44,55,CB,CB,1.0,0.0
210,44,56,CB,CB,1.0,-1.0
211,44,62,CB,CB,1.0,0.0
212,44,65,CB,CB,1.0,1.0
213,44,66,CB,CB,1.0,1.0
214,44,68,CB,CB,1.0,1.0
215,44,71,CB,CA,1.0,0.0
216,44,72,CB,CA,1.0,-1.0
217,48,55,CB,CB,-1.0,0.0
218,48,56,CB,CB,-1.0,-1.0
219,48,62,CB,CB,-1.0,0.0
220,48,65,CB,CB,-1.0,1.0
221,48,66,CB,CB,-1.0,1.0
222,48,68,CB,CB,-1.0,1.0
223,48,71,CB,CA,-1.0,0.0
224,48,72,CB,CA,-1.0,-1.0
225,55,56,CB,CB,0.0,-1.0
226,55,62,CB,CB,0.0,0.0
227,55,65,CB,CB,0.0,1.0
228,55,66,CB,CB,0.0,1.0
229,55,68,CB,CB,0.0,1.0
230,55,71,CB,CA,0.0,0.0
231,55,72,CB,CA,0.0,-1.0
232,56,62,CB,CB,-1.0,0.0
233,56,65,CB,CB,-1.0,1.0
234,56,66,CB,CB,-1.0,1.0
235,56,68,CB,CB,-1.0,1.0
236,56,71,CB,CA,-1.0,0.0
237,56,72,CB,CA,-1.0,-1.0
238,62,65,CB,CB,0.0,1.0
239,62,66,CB,CB,0.0,1.0
240,62,68,CB,CB,0.0,1.0
241,62,71,CB,CA,0.0,0.0
242,62,72,CB,CA,0.0,-1.0
243,65,66,CB,CB,1.0,1.0
244,65,68,CB,CB,1.0,1.0
245,65,71,CB,CA,1.0,0.0
246,65,72,CB,CA,1.0,-1.0
247,66,68,CB,CB,1.0,1.0
248,66,71,CB,CA,1.0,0.0
249,66,72,CB,CA,1.0,-1.0
250,68,71,CB,CA,1.0,0.0
251,68,72,CB,CA,1.0,-1.0
252,71,72,CA,CA,0.0,-1.0
